
Parameters: [psize: 1; mprob: 0.2; crossprob: 0.4; crossrate: 0.8]
iterations=[1, 2, 3, 4, 5, 6, 7, 8, 9, 10, 11, 12, 13, 14, 15, 16, 17, 18, 19, 20, 21, 22, 23, 24, 25, 26, 27, 28, 29, 30, 31, 32, 33, 34, 35, 36, 37, 38, 39, 40, 41, 42, 43, 44, 45, 46, 47, 48, 49, 50, 51, 52, 53, 54, 55, 56, 57, 58, 59, 60, 61, 62, 63, 64, 65, 66, 67, 68, 69, 70, 71, 72, 73, 74, 75, 76, 77, 78, 79, 80, 81, 82, 83, 84, 85, 86, 87, 88, 89, 90, 91, 92, 93, 94, 95, 96, 97, 98, 99, 100]
values=[0.01991963151220717, 0.01991963151220717, 0.020287553043981044, 0.020287553043981044, 0.020287553043981044, 0.020287553043981044, 0.020287553043981044, 0.020287553043981044, 0.020287553043981044, 0.02113785269513441, 0.016810587379299396, 0.016810587379299396, 0.016810587379299396, 0.03215808847913392, 0.03215808847913392, 0.03215808847913392, 0.03215808847913392, 0.03215808847913392, 0.03215808847913392, 0.03215808847913392, 0.03462165238884624, 0.03462165238884624, 0.03462165238884624, 0.03462165238884624, 0.03462165238884624, 0.03462165238884624, 0.03462165238884624, 0.03462165238884624, 0.03462165238884624, 0.03462165238884624, 0.03462165238884624, 0.03462165238884624, 0.03462165238884624, 0.03462165238884624, 0.03462165238884624, 0.03462165238884624, 0.03462165238884624, 0.03462165238884624, 0.03462165238884624, 0.03462165238884624, 0.06783579288899816, 0.06783579288899816, 0.06783579288899816, 0.06525004706117749, 0.06525004706117749, 0.06525004706117749, 0.06525004706117749, 0.06525004706117749, 0.06525004706117749, 0.06525004706117749, 0.06525004706117749, 0.06525004706117749, 0.10604532879695767, 0.10604532879695767, 0.10604532879695767, 0.10604532879695767, 0.10604532879695767, 0.10604532879695767, 0.03491595418949047, 0.03491595418949047, 0.03491595418949047, 0.03491595418949047, 0.03491595418949047, 0.03491595418949047, 0.03491595418949047, 0.03491595418949047, 0.03491595418949047, 0.03491595418949047, 0.10753598310462843, 0.10753598310462843, 2.3518033815121453, 2.3518033815121453, 2.3518033815121453, 2.3518033815121453, 2.3518033815121453, 2.3518033815121453, 0.6105310785206033, 0.6105310785206033, 0.6105310785206033, 0.6105310785206033, 0.6105310785206033, 0.6105310785206033, 0.6105310785206033, 0.6105310785206033, 0.6105310785206033, 0.6105310785206033, 0.5318891102208256, 0.5318891102208256, 0.5318891102208256, 0.11643102620849585, 0.11643102620849585, 0.020217914818383476, 0.02800699197793287, 0.02800699197793287, 0.02800699197793287, 0.02800699197793287, 0.02800699197793287, 0.03090860791753228, 0.03090860791753228, 0.03090860791753228]

Parameters: [psize: 1; mprob: 0.2; crossprob: 0.4; crossrate: 0.8]
iterations=[1, 2, 3, 4, 5, 6, 7, 8, 9, 10, 11, 12, 13, 14, 15, 16, 17, 18, 19, 20, 21, 22, 23, 24, 25, 26, 27, 28, 29, 30, 31, 32, 33, 34, 35, 36, 37, 38, 39, 40, 41, 42, 43, 44, 45, 46, 47, 48, 49, 50, 51, 52, 53, 54, 55, 56, 57, 58, 59, 60, 61, 62, 63, 64, 65, 66, 67, 68, 69, 70, 71, 72, 73, 74, 75, 76, 77, 78, 79, 80, 81, 82, 83, 84, 85, 86, 87, 88, 89, 90, 91, 92, 93, 94, 95, 96, 97, 98, 99, 100]
values=[0.9539435487383546, 0.0761419189580342, 0.0761419189580342, 0.0761419189580342, 0.030802998461027166, 0.030802998461027166, 0.030802998461027166, 0.018697304625108154, 0.018697304625108154, 0.018697304625108154, 0.018697304625108154, 0.018697304625108154, 0.018697304625108154, 0.018697304625108154, 0.018697304625108154, 0.018697304625108154, 0.018697304625108154, 0.018697304625108154, 0.018697304625108154, 0.018697304625108154, 0.018697304625108154, 0.018697304625108154, 0.018697304625108154, 0.017855439823463735, 0.017855439823463735, 0.019056219216242495, 0.021898733095826992, 0.021607176260459902, 0.021607176260459902, 0.021607176260459902, 0.021600597390700388, 0.04493520390188021, 0.025036407929717844, 0.025036407929717844, 0.025036407929717844, 0.025036407929717844, 0.025036407929717844, 0.025036407929717844, 0.019612399780579933, 0.019612399780579933, 0.019612399780579933, 0.02619798970139179, 0.02619798970139179, 0.02619798970139179, 0.02619798970139179, 0.02619798970139179, 0.037248701112061154, 0.037248701112061154, 0.037248701112061154, 0.037248701112061154, 0.04108942273065282, 0.03718679471224295, 0.03718679471224295, 0.03718679471224295, 0.03718679471224295, 0.03718679471224295, 0.03718679471224295, 0.03718679471224295, 0.03718679471224295, 0.03718679471224295, 0.03718679471224295, 0.03718679471224295, 0.03718679471224295, 0.03718679471224295, 0.03718679471224295, 0.03718679471224295, 2.8649314310764824, 2.8649314310764824, 2.8649314310764824, 0.0770062512573632, 0.07699066609256142, 0.07699066609256142, 0.07699066609256142, 0.07699066609256142, 0.07699066609256142, 0.07699066609256142, 0.07699066609256142, 0.07699066609256142, 0.07699066609256142, 0.07699066609256142, 0.07699066609256142, 0.07699066609256142, 0.07699066609256142, 0.07699066609256142, 0.2950615361429768, 0.2950615361429768, 0.2950615361429768, 0.2950615361429768, 0.2950615361429768, 0.2950615361429768, 0.2950615361429768, 12.916393995229534, 12.916393995229534, 12.916393995229534, 12.916393995229534, 12.916393995229534, 12.916393995229534, 12.916393995229534, 12.916393995229534, 12.916393995229534]

Parameters: [psize: 20; mprob: 0.2; crossprob: 0.8; crossrate: 0.2]
iterations=[1, 2, 3, 4, 5, 6, 7, 8, 9, 10, 11, 12, 13, 14, 15, 16, 17, 18, 19, 20, 21, 22, 23, 24, 25, 26, 27, 28, 29, 30, 31, 32, 33, 34, 35, 36, 37, 38, 39, 40, 41, 42, 43, 44, 45, 46, 47, 48, 49, 50, 51, 52, 53, 54, 55, 56, 57, 58, 59, 60, 61, 62, 63, 64, 65, 66, 67, 68, 69, 70, 71, 72, 73, 74, 75, 76, 77, 78, 79, 80, 81, 82, 83, 84, 85, 86, 87, 88, 89, 90, 91, 92, 93, 94, 95, 96, 97, 98, 99, 100]
values=[0.9658018655668401, 17.118706908686374, 14.61059241901475, 14.66477210004434, 16.96467644556019, 16.12280210658683, 16.12280210658683, 16.12280210658683, 16.12280210658683, 16.156341260390086, 16.156341260390086, 16.12280210658683, 16.16777309794021, 16.238312230348832, 16.238312230348832, 16.238312230348832, 16.336356190737547, 16.336356190737547, 16.79787814980691, 16.915669183365505, 16.915669183365505, 16.915669183365505, 16.915669183365505, 16.915669183365505, 16.915669183365505, 16.79787814980691, 16.79787814980691, 16.79787814980691, 16.79787814980691, 17.841908201570252, 16.79787814980691, 18.002085749508467, 18.002085749508467, 16.79787814980691, 16.967578756506562, 16.967578756506562, 17.014946533819835, 16.880920277925593, 16.79787814980691, 16.79787814980691, 16.815062712206526, 18.018731815463642, 18.018731815463642, 18.018731815463642, 18.018731815463642, 18.018731815463642, 18.018731815463642, 18.018731815463642, 18.018731815463642, 18.018731815463642, 18.018731815463642, 18.018731815463642, 18.018731815463642, 18.018731815463642, 18.018731815463642, 18.632977852629722, 18.632977852629722, 18.018731815463642, 18.018731815463642, 18.018731815463642, 18.018731815463642, 18.018731815463642, 18.018731815463642, 18.018731815463642, 18.065826419270177, 18.018731815463642, 18.018731815463642, 18.065826419270177, 18.065826419270177, 17.29393390820531, 17.29393390820531, 17.29393390820531, 17.29393390820531, 17.29393390820531, 17.29393390820531, 16.894022916405525, 16.894022916405525, 16.894022916405525, 17.11861635206787, 17.11861635206787, 17.713838122160702, 17.11861635206787, 17.11861635206787, 17.11861635206787, 17.0085435524971, 21.21373233995396, 21.21373233995396, 21.21373233995396, 21.21373233995396, 17.11861635206787, 15.473788187279348, 15.473788187279348, 20.41287106923409, 20.41287106923409, 20.41287106923409, 22.066419534042815, 22.066419534042815, 20.61522201778105, 22.171132595186563, 20.61522201778105]

Parameters: [psize: 20; mprob: 0.2; crossprob: 0.8; crossrate: 0.2]
iterations=[1, 2, 3, 4, 5, 6, 7, 8, 9, 10, 11, 12, 13, 14, 15, 16, 17, 18, 19, 20, 21, 22, 23, 24, 25, 26, 27, 28, 29, 30, 31, 32, 33, 34, 35, 36, 37, 38, 39, 40, 41, 42, 43, 44, 45, 46, 47, 48, 49, 50, 51, 52, 53, 54, 55, 56, 57, 58, 59, 60, 61, 62, 63, 64, 65, 66, 67, 68, 69, 70, 71, 72, 73, 74, 75, 76, 77, 78, 79, 80, 81, 82, 83, 84, 85, 86, 87, 88, 89, 90, 91, 92, 93, 94, 95, 96, 97, 98, 99, 100]
values=[12.813376963843604, 13.566594096577758, 14.513286106123628, 14.651007336290402, 15.721356232443998, 15.721356232443998, 18.50752935513248, 18.50752935513248, 18.50752935513248, 18.50752935513248, 18.50752935513248, 18.50752935513248, 15.721356232443998, 16.33317829546481, 14.205007628532355, 14.205007628532355, 14.763951839116503, 14.763951839116503, 16.098535642156317, 13.723478124651498, 15.983906292394323, 15.983906292394323, 15.983906292394323, 14.933094347943468, 14.933094347943468, 14.933094347943468, 16.47842992515549, 15.132270509224883, 15.132270509224883, 15.132270509224883, 15.132270509224883, 16.130233609415967, 16.130233609415967, 15.457326105056117, 18.60157430209918, 18.60157430209918, 16.203825991297226, 16.002355467376674, 16.203825991297226, 16.002355467376674, 15.282535930232124, 15.457326105056117, 15.282535930232124, 14.749519776369668, 16.306486433707008, 16.306486433707008, 23.206418923311993, 16.306486433707008, 16.306486433707008, 16.306486433707008, 15.463977425820921, 15.811411794108027, 14.865951011792468, 14.616848606122286, 14.84252225322499, 14.84252225322499, 14.84252225322499, 14.84252225322499, 14.84252225322499, 14.678063065719314, 14.678063065719314, 14.616848606122286, 14.616848606122286, 14.616848606122286, 14.616848606122286, 14.616848606122286, 14.804168292942597, 14.804168292942597, 15.116449155033209, 15.280948404006987, 14.859308133975171, 14.616848606122286, 14.859308133975171, 14.893632845384355, 14.893632845384355, 14.893632845384355, 14.893632845384355, 21.67481835955917, 14.893632845384355, 14.893632845384355, 16.901370555400405, 14.893632845384355, 15.19688492850399, 16.5699171544833, 16.5699171544833, 16.5699171544833, 16.384664038608122, 16.384664038608122, 15.656767657859689, 15.656767657859689, 15.656767657859689, 15.656767657859689, 19.259068243904537, 19.259068243904537, 19.259068243904537, 23.174220957212363, 21.837674935188126, 21.837674935188126, 21.837674935188126, 21.837674935188126]

Parameters: [psize: 20; mprob: 0.2; crossprob: 0.8; crossrate: 0.2]
iterations=[1, 2, 3, 4, 5, 6, 7, 8, 9, 10, 11, 12, 13, 14, 15, 16, 17, 18, 19, 20, 21, 22, 23, 24, 25, 26, 27, 28, 29, 30, 31, 32, 33, 34, 35, 36, 37, 38, 39, 40, 41, 42, 43, 44, 45, 46, 47, 48, 49, 50, 51, 52, 53, 54, 55, 56, 57, 58, 59, 60, 61, 62, 63, 64, 65, 66, 67, 68, 69, 70, 71, 72, 73, 74, 75, 76, 77, 78, 79, 80, 81, 82, 83, 84, 85, 86, 87, 88, 89, 90, 91, 92, 93, 94, 95, 96, 97, 98, 99, 100]
values=[11.93157847454805, 12.14150758609519, 11.93157847454805, 12.680203727439338, 13.053356894901864, 13.773795936622085, 11.735195559240857, 13.078142159671023, 13.078142159671023, 13.078142159671023, 13.754392460860325, 13.754392460860325, 12.667523145690476, 12.667523145690476, 12.667523145690476, 14.319955822116388, 13.043588412928894, 12.667523145690476, 12.667523145690476, 13.037585482355723, 14.100643799973609, 14.100643799973609, 14.100643799973609, 14.100643799973609, 14.373708081551698, 14.100643799973609, 14.100643799973609, 13.919528681770561, 13.919528681770561, 13.919528681770561, 13.919528681770561, 13.919528681770561, 13.919528681770561, 14.187766957208927, 14.057163334096543, 14.057163334096543, 14.417132786309562, 15.013801944608133, 15.013801944608133, 15.013801944608133, 14.417132786309562, 14.417132786309562, 14.417132786309562, 14.417132786309562, 15.9248160165744, 15.34901761954195, 24.18738919133155, 24.18738919133155, 24.18738919133155, 24.18738919133155, 14.527840915893798, 13.350500356710363, 14.097734673224773, 14.097734673224773, 13.517993184368475, 12.785754250986102, 13.568146334906684, 12.785754250986102, 12.785754250986102, 13.623183768482606, 13.092200903753328, 13.194045644044657, 12.324119171073034, 16.669273418062467, 16.669273418062467, 16.73818862475237, 16.73818862475237, 16.395502106757878, 16.395502106757878, 16.955767996142455, 16.955767996142455, 17.225275478395876, 17.225275478395876, 17.225275478395876, 17.225275478395876, 17.225275478395876, 18.13840703756313, 18.13840703756313, 18.13840703756313, 16.395502106757878, 15.284009578120912, 15.902580476232805, 15.63898451213261, 17.107165332699488, 17.107165332699488, 17.107165332699488, 16.495233374387944, 17.107165332699488, 17.107165332699488, 16.574895852692713, 16.57563681989063, 16.57563681989063, 16.57563681989063, 16.57563681989063, 16.57563681989063, 16.57563681989063, 15.95991605509596, 17.341606407608992, 17.341606407608992, 16.030598150376385]

Parameters: [psize: 20; mprob: 0.2; crossprob: 0.4; crossrate: 0.2]
iterations=[1, 2, 3, 4, 5, 6, 7, 8, 9, 10, 11, 12, 13, 14, 15, 16, 17, 18, 19, 20, 21, 22, 23, 24, 25, 26, 27, 28, 29, 30, 31, 32, 33, 34, 35, 36, 37, 38, 39, 40, 41, 42, 43, 44, 45, 46, 47, 48, 49, 50, 51, 52, 53, 54, 55, 56, 57, 58, 59, 60, 61, 62, 63, 64, 65, 66, 67, 68, 69, 70, 71, 72, 73, 74, 75, 76, 77, 78, 79, 80, 81, 82, 83, 84, 85, 86, 87, 88, 89, 90, 91, 92, 93, 94, 95, 96, 97, 98, 99, 100]
values=[6.319999668854193, 6.484664207847818, 6.823638516643275, 6.923489233120521, 6.823638516643275, 6.823638516643275, 6.823638516643275, 8.570361430042052, 8.570361430042052, 8.911071671004773, 8.570361430042052, 10.325180594489265, 9.792507244496857, 9.792507244496857, 9.792507244496857, 9.792507244496857, 9.792507244496857, 9.066718711310976, 9.792507244496857, 9.784678909322695, 9.784678909322695, 9.066718711310976, 10.878897626934835, 10.878897626934835, 10.878897626934835, 10.10313214313174, 12.171166565057291, 12.171166565057291, 12.171166565057291, 12.171166565057291, 10.10313214313174, 10.10313214313174, 10.10313214313174, 9.869740642458748, 9.869740642458748, 9.869740642458748, 9.869740642458748, 9.869740642458748, 12.609500714230121, 12.609500714230121, 12.609500714230121, 24.66027167973249, 24.66027167973249, 24.66027167973249, 24.66027167973249, 24.66027167973249, 24.66027167973249, 24.66027167973249, 24.66027167973249, 24.66027167973249, 24.66027167973249, 24.66027167973249, 24.66027167973249, 24.66027167973249, 24.68038357558705, 24.66027167973249, 24.66027167973249, 24.66027167973249, 24.66027167973249, 24.428840367494022, 24.428840367494022, 24.428840367494022, 24.428840367494022, 24.428840367494022, 24.428840367494022, 24.428840367494022, 27.099473720231746, 24.428840367494022, 24.428840367494022, 24.428840367494022, 24.429769725098865, 24.429769725098865, 24.429769725098865, 24.429769725098865, 24.429769725098865, 24.428840367494022, 24.428840367494022, 24.428840367494022, 24.428840367494022, 24.428840367494022, 24.428840367494022, 24.428840367494022, 24.889583260071827, 24.889583260071827, 26.638839727641336, 24.889583260071827, 24.889583260071827, 24.889583260071827, 25.50670331612324, 25.50670331612324, 25.50670331612324, 25.50670331612324, 25.50670331612324, 25.50670331612324, 26.300320611630287, 26.300320611630287, 26.300320611630287, 26.300320611630287, 25.50670331612324, 25.50670331612324]

Parameters: [psize: 20; mprob: 0.2; crossprob: 0.4; crossrate: 0.2]
iterations=[1, 2, 3, 4, 5, 6, 7, 8, 9, 10, 11, 12, 13, 14, 15, 16, 17, 18, 19, 20, 21, 22, 23, 24, 25, 26, 27, 28, 29, 30, 31, 32, 33, 34, 35, 36, 37, 38, 39, 40, 41, 42, 43, 44, 45, 46, 47, 48, 49, 50, 51, 52, 53, 54, 55, 56, 57, 58, 59, 60, 61, 62, 63, 64, 65, 66, 67, 68, 69, 70, 71, 72, 73, 74, 75, 76, 77, 78, 79, 80, 81, 82, 83, 84, 85, 86, 87, 88, 89, 90, 91, 92, 93, 94, 95, 96, 97, 98, 99, 100]
values=[0.07523405631805685, 0.07523405631805685, 0.5160727519266374, 6.966258422864065, 7.066135483786592, 7.066135483786592, 13.63529829690217, 13.63529829690217, 13.63529829690217, 13.63529829690217, 13.63529829690217, 13.84788330876924, 13.84788330876924, 13.63529829690217, 13.723874676714832, 13.650549304875376, 13.650549304875376, 13.650549304875376, 13.650549304875376, 13.650549304875376, 13.650549304875376, 13.650549304875376, 13.650549304875376, 14.022098673510602, 13.650549304875376, 13.650549304875376, 13.881558137818445, 13.881558137818445, 13.881558137818445, 13.881558137818445, 14.590747795689719, 14.590747795689719, 14.47267160140012, 14.47267160140012, 14.47267160140012, 14.47267160140012, 14.47267160140012, 14.217223240583793, 14.217223240583793, 14.362561302909878, 14.362561302909878, 14.362561302909878, 14.362561302909878, 14.362561302909878, 14.063759434766286, 14.063759434766286, 14.063759434766286, 14.063759434766286, 14.186465579017165, 14.186465579017165, 14.217223240583793, 14.217223240583793, 14.063759434766286, 14.475286864945565, 14.538094255560978, 14.538094255560978, 14.538094255560978, 14.538094255560978, 14.538094255560978, 14.538094255560978, 14.538094255560978, 17.493883853932477, 17.493883853932477, 17.493883853932477, 17.493883853932477, 17.493883853932477, 17.493883853932477, 17.493883853932477, 17.493883853932477, 17.493883853932477, 18.585790175712074, 14.925292281613405, 14.925292281613405, 14.925292281613405, 14.151750499371232, 14.151750499371232, 14.59436040212551, 14.860983460614639, 14.860983460614639, 14.860983460614639, 14.860983460614639, 14.83242511345938, 16.945058876320708, 16.945058876320708, 14.83242511345938, 14.83242511345938, 14.83242511345938, 21.00520506276863, 21.00520506276863, 16.7886621875916, 16.7886621875916, 16.7886621875916, 13.644077674075165, 13.644077674075165, 14.39686729530235, 13.644077674075165, 15.99105344106743, 15.99105344106743, 15.99105344106743, 15.99105344106743]

Parameters: [psize: 20; mprob: 0.2; crossprob: 0.4; crossrate: 0.2]
iterations=[1, 2, 3, 4, 5, 6, 7, 8, 9, 10, 11, 12, 13, 14, 15, 16, 17, 18, 19, 20, 21, 22, 23, 24, 25, 26, 27, 28, 29, 30, 31, 32, 33, 34, 35, 36, 37, 38, 39, 40, 41, 42, 43, 44, 45, 46, 47, 48, 49, 50, 51, 52, 53, 54, 55, 56, 57, 58, 59, 60, 61, 62, 63, 64, 65, 66, 67, 68, 69, 70, 71, 72, 73, 74, 75, 76, 77, 78, 79, 80, 81, 82, 83, 84, 85, 86, 87, 88, 89, 90, 91, 92, 93, 94, 95, 96, 97, 98, 99, 100]
values=[8.023957932372202, 8.023957932372202, 9.942850487485712, 9.942850487485712, 9.942850487485712, 8.027148414671293, 8.023957932372202, 9.803086388455837, 11.643773956530046, 10.008332568100194, 10.047122500967834, 10.047122500967834, 11.728566465089134, 11.931914575340567, 11.931914575340567, 11.931914575340567, 12.419173363412028, 12.419173363412028, 12.419173363412028, 12.419173363412028, 12.419173363412028, 12.419173363412028, 12.419173363412028, 12.419173363412028, 13.621918960173167, 13.621918960173167, 13.621918960173167, 13.621918960173167, 13.843106878019315, 13.84545963212757, 13.84545963212757, 13.84545963212757, 13.84545963212757, 13.84545963212757, 14.00812099802367, 14.00812099802367, 14.00812099802367, 14.00812099802367, 14.00812099802367, 14.00812099802367, 14.00812099802367, 14.00812099802367, 14.00812099802367, 14.00812099802367, 14.00812099802367, 13.84545963212757, 13.84545963212757, 13.84545963212757, 13.84545963212757, 13.84545963212757, 13.84545963212757, 13.983547556929432, 13.926888928411142, 13.926888928411142, 13.84545963212757, 13.84545963212757, 13.924923070831632, 13.924923070831632, 13.848914615049178, 17.575865788737378, 14.003390134027114, 13.84545963212757, 13.91496664264852, 13.91496664264852, 13.84545963212757, 13.84545963212757, 13.84545963212757, 13.883284023591905, 13.84545963212757, 13.84545963212757, 13.84545963212757, 13.84545963212757, 13.84545963212757, 13.84545963212757, 13.84545963212757, 13.84545963212757, 13.84545963212757, 13.84545963212757, 13.84545963212757, 13.84545963212757, 13.84545963212757, 13.84545963212757, 13.84545963212757, 13.84545963212757, 13.84545963212757, 13.84545963212757, 13.84545963212757, 14.004446691137012, 13.84545963212757, 13.84545963212757, 13.84545963212757, 13.993397157476437, 13.993397157476437, 14.362026140552864, 14.362026140552864, 14.362026140552864, 14.362026140552864, 14.362026140552864, 14.362026140552864, 13.993397157476437]

Parameters: [psize: 20; mprob: 0.2; crossprob: 0.4; crossrate: 0.2]
iterations=[1, 2, 3, 4, 5, 6, 7, 8, 9, 10, 11, 12, 13, 14, 15, 16, 17, 18, 19, 20, 21, 22, 23, 24, 25, 26, 27, 28, 29, 30, 31, 32, 33, 34, 35, 36, 37, 38, 39, 40, 41, 42, 43, 44, 45, 46, 47, 48, 49, 50, 51, 52, 53, 54, 55, 56, 57, 58, 59, 60, 61, 62, 63, 64, 65, 66, 67, 68, 69, 70, 71, 72, 73, 74, 75, 76, 77, 78, 79, 80, 81, 82, 83, 84, 85, 86, 87, 88, 89, 90, 91, 92, 93, 94, 95, 96, 97, 98, 99, 100]
values=[4.244568674244081, 4.244568674244081, 4.466079671402549, 15.179468320959426, 15.179468320959426, 15.179468320959426, 15.78501849166444, 15.78501849166444, 15.78501849166444, 15.78501849166444, 15.179468320959426, 15.179468320959426, 15.179468320959426, 15.179468320959426, 15.179468320959426, 15.443657130972245, 15.443657130972245, 15.443657130972245, 15.443657130972245, 15.602175852873703, 15.633849602843359, 15.602175852873703, 15.602175852873703, 15.602175852873703, 15.602175852873703, 15.602175852873703, 15.602175852873703, 15.737501237995822, 17.01147321914745, 15.747036883141377, 15.695090183032477, 15.602175852873703, 16.14932572757027, 15.602175852873703, 16.396037117546534, 16.396037117546534, 16.396037117546534, 25.180395226091523, 25.180395226091523, 25.180395226091523, 25.180395226091523, 25.180395226091523, 25.180395226091523, 25.180395226091523, 25.180395226091523, 25.180395226091523, 25.180395226091523, 26.412894533731993, 26.412894533731993, 26.412894533731993, 26.412894533731993, 25.180395226091523, 25.180395226091523, 25.180395226091523, 25.180395226091523, 25.180395226091523, 25.180395226091523, 25.646108638122858, 25.646108638122858, 25.646108638122858, 26.0780008222201, 26.0780008222201, 26.441669958669937, 26.441669958669937, 26.441669958669937, 26.441669958669937, 26.441669958669937, 26.441669958669937, 24.71640362091045, 24.71640362091045, 24.71640362091045, 26.0780008222201, 26.0780008222201, 26.0780008222201, 26.0780008222201, 26.441669958669937, 26.441669958669937, 26.0780008222201, 25.180395226091523, 25.180395226091523, 25.428507285357927, 26.441669958669937, 26.441669958669937, 26.441669958669937, 26.441669958669937, 26.441669958669937, 26.441669958669937, 25.404526643135068, 25.404526643135068, 25.404526643135068, 26.41719946324867, 26.41719946324867, 26.41719946324867, 26.41719946324867, 26.41719946324867, 25.404526643135068, 27.520088658523182, 27.520088658523182, 25.404526643135068, 26.441669958669937]

Parameters: [psize: 20; mprob: 0.2; crossprob: 0.4; crossrate: 0.2]
iterations=[1, 2, 3, 4, 5, 6, 7, 8, 9, 10, 11, 12, 13, 14, 15, 16, 17, 18, 19, 20, 21, 22, 23, 24, 25, 26, 27, 28, 29, 30, 31, 32, 33, 34, 35, 36, 37, 38, 39, 40, 41, 42, 43, 44, 45, 46, 47, 48, 49, 50, 51, 52, 53, 54, 55, 56, 57, 58, 59, 60, 61, 62, 63, 64, 65, 66, 67, 68, 69, 70, 71, 72, 73, 74, 75, 76, 77, 78, 79, 80, 81, 82, 83, 84, 85, 86, 87, 88, 89, 90, 91, 92, 93, 94, 95, 96, 97, 98, 99, 100]
values=[0.4682235657954041, 0.4682235657954041, 0.4682235657954041, 0.47093604431553815, 0.5533012666663933, 0.5533012666663933, 0.6860828734741686, 16.25691133341448, 16.25691133341448, 16.49254081724691, 16.49254081724691, 16.25691133341448, 16.25691133341448, 16.25691133341448, 16.25691133341448, 16.25691133341448, 16.25691133341448, 16.25691133341448, 16.25691133341448, 14.641835865030746, 16.25691133341448, 16.25691133341448, 14.641835865030746, 14.641835865030746, 14.641835865030746, 14.641835865030746, 14.641835865030746, 14.39747223079517, 19.204518335453283, 13.65059874100858, 13.65059874100858, 13.65059874100858, 13.65059874100858, 13.65059874100858, 13.234159789030304, 13.234159789030304, 13.110693818383766, 13.110693818383766, 13.110693818383766, 14.197917731943914, 14.197917731943914, 14.197917731943914, 14.197917731943914, 14.197917731943914, 14.197917731943914, 14.197917731943914, 14.197917731943914, 15.460875058477738, 15.460875058477738, 15.460875058477738, 15.460875058477738, 15.460875058477738, 15.460875058477738, 15.460875058477738, 15.686004661338547, 15.686004661338547, 15.686004661338547, 15.686004661338547, 15.686004661338547, 15.686004661338547, 15.686004661338547, 15.686004661338547, 15.686004661338547, 15.686004661338547, 15.460875058477738, 15.460875058477738, 15.460875058477738, 15.460875058477738, 15.460875058477738, 15.460875058477738, 15.460875058477738, 15.435746190865574, 14.248573460894447, 14.248573460894447, 14.248573460894447, 15.460875058477738, 15.175541312158854, 15.175541312158854, 15.460875058477738, 14.124897855139631, 13.988372965290228, 13.988372965290228, 13.988372965290228, 20.86721211531915, 14.38279483557706, 13.63177691364892, 13.63177691364892, 13.63177691364892, 14.090029391548832, 14.090029391548832, 13.911214397142942, 14.118744938100544, 13.911214397142942, 14.105356890360056, 14.105356890360056, 14.105356890360056, 14.105356890360056, 14.105356890360056, 14.105356890360056, 14.105356890360056]

Parameters: [psize: 20; mprob: 0.2; crossprob: 0.4; crossrate: 0.2]
iterations=[1, 2, 3, 4, 5, 6, 7, 8, 9, 10, 11, 12, 13, 14, 15, 16, 17, 18, 19, 20, 21, 22, 23, 24, 25, 26, 27, 28, 29, 30, 31, 32, 33, 34, 35, 36, 37, 38, 39, 40, 41, 42, 43, 44, 45, 46, 47, 48, 49, 50, 51, 52, 53, 54, 55, 56, 57, 58, 59, 60, 61, 62, 63, 64, 65, 66, 67, 68, 69, 70, 71, 72, 73, 74, 75, 76, 77, 78, 79, 80, 81, 82, 83, 84, 85, 86, 87, 88, 89, 90, 91, 92, 93, 94, 95, 96, 97, 98, 99, 100]
values=[0.5792584698135204, 0.5792584698135204, 0.5591357866084228, 0.5591357866084228, 0.5785593217894951, 0.5792584698135204, 0.5792584698135204, 0.612320010035002, 0.612320010035002, 0.5792584698135204, 0.6193262584829522, 0.6193262584829522, 0.6193262584829522, 0.5892850317894964, 1.2932893126715554, 1.2932893126715554, 1.2932893126715554, 0.5792584698135204, 0.5792584698135204, 1.5676178414972748, 5.30248542246726, 6.087206059549731, 5.548193957131199, 5.560083319783687, 5.560083319783687, 5.560083319783687, 5.560083319783687, 5.560083319783687, 5.741487117567701, 5.924364345731258, 6.119736079306937, 6.119736079306937, 8.619950259945078, 8.619950259945078, 8.599110271176968, 8.599110271176968, 8.499312964289976, 12.289603414451088, 12.289603414451088, 12.289603414451088, 12.289603414451088, 11.608236898860493, 11.608236898860493, 11.608236898860493, 23.05047437564266, 23.05047437564266, 23.05047437564266, 23.05047437564266, 23.05047437564266, 23.05047437564266, 23.05047437564266, 23.05047437564266, 23.05047437564266, 23.05047437564266, 23.633524039375718, 23.05047437564266, 23.05047437564266, 23.05047437564266, 23.05047437564266, 23.05047437564266, 23.05047437564266, 23.43221896645714, 23.43221896645714, 23.05047437564266, 23.05047437564266, 23.05047437564266, 23.88569850767597, 23.05047437564266, 23.05047437564266, 23.05047437564266, 23.05047437564266, 24.429790851145462, 23.05047437564266, 23.05047437564266, 23.05047437564266, 19.285033060823736, 19.285033060823736, 21.317353272551376, 22.824313127958252, 22.824313127958252, 23.13546096310807, 22.824313127958252, 22.824313127958252, 23.17263065330396, 22.824313127958252, 22.824313127958252, 22.824313127958252, 22.824313127958252, 22.824313127958252, 22.824313127958252, 22.824313127958252, 24.102730793132462, 28.151422231419787, 28.151422231419787, 19.285033060823736, 22.824313127958252, 22.824313127958252, 22.824313127958252, 22.824313127958252, 22.824313127958252]

Parameters: [psize: 20; mprob: 0.2; crossprob: 0.4; crossrate: 0.2]
iterations=[1, 2, 3, 4, 5, 6, 7, 8, 9, 10, 11, 12, 13, 14, 15, 16, 17, 18, 19, 20, 21, 22, 23, 24, 25, 26, 27, 28, 29, 30, 31, 32, 33, 34, 35, 36, 37, 38, 39, 40, 41, 42, 43, 44, 45, 46, 47, 48, 49, 50, 51, 52, 53, 54, 55, 56, 57, 58, 59, 60, 61, 62, 63, 64, 65, 66, 67, 68, 69, 70, 71, 72, 73, 74, 75, 76, 77, 78, 79, 80, 81, 82, 83, 84, 85, 86, 87, 88, 89, 90, 91, 92, 93, 94, 95, 96, 97, 98, 99, 100]
values=[1.589613601364097, 1.3191298323707805, 1.3169946801635928, 1.3191298323707805, 1.3191298323707805, 1.3191298323707805, 1.3191298323707805, 4.488668123989298, 4.488668123989298, 4.488668123989298, 4.545584534295206, 4.8174606622671154, 10.312379756421297, 11.300227852007806, 11.152043915484894, 22.24912666368514, 22.24912666368514, 14.391944836358222, 14.045135959962598, 22.24912666368514, 22.24912666368514, 22.24912666368514, 22.24912666368514, 22.24912666368514, 22.24912666368514, 22.24912666368514, 22.24912666368514, 18.646284771175164, 18.646284771175164, 22.349990607180207, 22.349990607180207, 22.349990607180207, 23.587400620346408, 23.587400620346408, 23.587400620346408, 23.587400620346408, 23.587400620346408, 23.587400620346408, 23.587400620346408, 23.587400620346408, 23.587400620346408, 23.587400620346408, 23.659071934299437, 23.659071934299437, 23.659071934299437, 23.659071934299437, 23.659071934299437, 23.659071934299437, 23.659071934299437, 23.659071934299437, 23.659071934299437, 23.659071934299437, 23.659071934299437, 23.659071934299437, 23.659071934299437, 23.659071934299437, 23.659071934299437, 26.240302685101984, 26.240302685101984, 26.240302685101984, 26.240302685101984, 26.240302685101984, 26.240302685101984, 26.240302685101984, 26.240302685101984, 26.240302685101984, 26.240302685101984, 26.240302685101984, 26.240302685101984, 26.240302685101984, 20.26160986644212, 20.26160986644212, 20.26160986644212, 20.26160986644212, 20.26160986644212, 20.26160986644212, 25.058690321304535, 25.058690321304535, 25.058690321304535, 25.058690321304535, 25.147533076107667, 24.787975309898233, 24.787975309898233, 24.787975309898233, 21.406820237963725, 21.406820237963725, 21.406820237963725, 21.406820237963725, 21.406820237963725, 21.406820237963725, 21.406820237963725, 21.406820237963725, 21.406820237963725, 25.058690321304535, 20.26160986644212, 20.26160986644212, 20.26160986644212, 20.287328474517913, 20.287328474517913, 20.287328474517913]

Parameters: [psize: 20; mprob: 0.2; crossprob: 0.4; crossrate: 0.2]
iterations=[1, 2, 3, 4, 5, 6, 7, 8, 9, 10, 11, 12, 13, 14, 15, 16, 17, 18, 19, 20, 21, 22, 23, 24, 25, 26, 27, 28, 29, 30, 31, 32, 33, 34, 35, 36, 37, 38, 39, 40, 41, 42, 43, 44, 45, 46, 47, 48, 49, 50, 51, 52, 53, 54, 55, 56, 57, 58, 59, 60, 61, 62, 63, 64, 65, 66, 67, 68, 69, 70, 71, 72, 73, 74, 75, 76, 77, 78, 79, 80, 81, 82, 83, 84, 85, 86, 87, 88, 89, 90, 91, 92, 93, 94, 95, 96, 97, 98, 99, 100]
values=[7.962187316592071, 8.052274095544906, 9.757823650349971, 9.757823650349971, 9.757823650349971, 9.14104815217862, 9.878650266940278, 9.878650266940278, 9.878650266940278, 9.878650266940278, 9.878650266940278, 9.878650266940278, 10.93217478960405, 10.93217478960405, 10.93217478960405, 10.93217478960405, 10.93217478960405, 10.93217478960405, 10.93217478960405, 11.053343602482734, 11.053343602482734, 11.053343602482734, 11.319390335869448, 11.002721350055403, 11.002721350055403, 11.002721350055403, 11.126664269245381, 11.126664269245381, 11.126664269245381, 11.126664269245381, 11.126664269245381, 12.657554602167542, 12.657554602167542, 12.657554602167542, 12.657554602167542, 13.303243982569882, 13.303243982569882, 13.303243982569882, 13.303243982569882, 13.212959498976057, 13.212959498976057, 13.212959498976057, 13.212959498976057, 13.212959498976057, 13.212959498976057, 13.212959498976057, 13.039382595172798, 15.153033523317815, 15.153033523317815, 15.153033523317815, 15.153033523317815, 15.153033523317815, 15.153033523317815, 15.558027627423401, 15.558027627423401, 15.558027627423401, 15.558027627423401, 15.453128993130994, 15.453128993130994, 15.453128993130994, 15.453128993130994, 15.153033523317815, 15.153033523317815, 15.153033523317815, 15.135350659334788, 13.777598300599513, 13.777598300599513, 13.777598300599513, 13.777598300599513, 10.769052883259619, 11.055094010844812, 11.055094010844812, 11.055094010844812, 11.320403314258229, 11.320403314258229, 11.354706921418742, 11.354706921418742, 14.754686750737449, 14.754686750737449, 15.547982475911597, 15.547982475911597, 15.547982475911597, 15.547982475911597, 15.547982475911597, 15.547982475911597, 15.547982475911597, 15.547982475911597, 15.547982475911597, 15.547982475911597, 15.547982475911597, 15.547982475911597, 15.547982475911597, 15.547982475911597, 15.547982475911597, 20.742410832500262, 17.41534944375882, 18.46110768083503, 18.480746713633266, 18.064618623346608, 18.064618623346608]

Parameters: [psize: 20; mprob: 0.2; crossprob: 0.4; crossrate: 0.2]
iterations=[1, 2, 3, 4, 5, 6, 7, 8, 9, 10, 11, 12, 13, 14, 15, 16, 17, 18, 19, 20, 21, 22, 23, 24, 25, 26, 27, 28, 29, 30, 31, 32, 33, 34, 35, 36, 37, 38, 39, 40, 41, 42, 43, 44, 45, 46, 47, 48, 49, 50, 51, 52, 53, 54, 55, 56, 57, 58, 59, 60, 61, 62, 63, 64, 65, 66, 67, 68, 69, 70, 71, 72, 73, 74, 75, 76, 77, 78, 79, 80, 81, 82, 83, 84, 85, 86, 87, 88, 89, 90, 91, 92, 93, 94, 95, 96, 97, 98, 99, 100]
values=[2.024042516608264, 11.987714135069686, 11.987714135069686, 12.193046964187971, 12.976750166547577, 12.193046964187971, 12.229659345287692, 13.483826060585642, 13.243578071295033, 13.243578071295033, 13.224298781350033, 13.483826060585642, 13.483826060585642, 13.483826060585642, 13.483826060585642, 13.483826060585642, 13.483826060585642, 13.542699417676326, 13.542699417676326, 13.542699417676326, 13.542699417676326, 13.542699417676326, 12.202171679337106, 13.851462067482592, 15.77867106371901, 15.77867106371901, 13.472289237103226, 16.095111113451576, 22.092100775730916, 22.092100775730916, 22.092100775730916, 20.266565908362683, 20.266565908362683, 13.69143288603648, 13.466364454553023, 13.673093632877583, 13.673093632877583, 16.864995540953842, 13.673093632877583, 13.673093632877583, 18.28081038216847, 18.90939954033779, 18.90939954033779, 17.43719850185829, 17.43719850185829, 17.43719850185829, 17.43719850185829, 17.43719850185829, 17.43719850185829, 17.43719850185829, 17.43719850185829, 17.698648505229933, 15.888163602695919, 16.292497055011033, 16.226807278267504, 22.189678770254737, 22.189678770254737, 22.189678770254737, 22.189678770254737, 22.189678770254737, 23.087328608967738, 23.087328608967738, 23.087328608967738, 23.087328608967738, 23.087328608967738, 23.087328608967738, 23.087328608967738, 23.087328608967738, 23.087328608967738, 21.270468685025044, 22.994280582610756, 22.994280582610756, 24.455342436106182, 24.122962346593862, 24.122962346593862, 24.122962346593862, 22.994280582610756, 22.994280582610756, 22.994280582610756, 23.773328157266295, 22.994280582610756, 22.994280582610756, 23.743359966452083, 23.743359966452083, 23.743359966452083, 25.566031250300625, 26.280412600189653, 26.280412600189653, 26.280412600189653, 26.387591579100018, 26.387591579100018, 26.387591579100018, 26.387591579100018, 26.387591579100018, 26.3459981792804, 26.280412600189653, 26.280412600189653, 26.280412600189653, 28.790477911346162, 28.790477911346162]

Parameters: [psize: 20; mprob: 0.2; crossprob: 0.4; crossrate: 0.2]
iterations=[1, 2, 3, 4, 5, 6, 7, 8, 9, 10, 11, 12, 13, 14, 15, 16, 17, 18, 19, 20, 21, 22, 23, 24, 25, 26, 27, 28, 29, 30, 31, 32, 33, 34, 35, 36, 37, 38, 39, 40, 41, 42, 43, 44, 45, 46, 47, 48, 49, 50, 51, 52, 53, 54, 55, 56, 57, 58, 59, 60, 61, 62, 63, 64, 65, 66, 67, 68, 69, 70, 71, 72, 73, 74, 75, 76, 77, 78, 79, 80, 81, 82, 83, 84, 85, 86, 87, 88, 89, 90, 91, 92, 93, 94, 95, 96, 97, 98, 99, 100]
values=[1.0223461986311175, 1.0223461986311175, 1.0223461986311175, 2.4109199999883777, 2.4109199999883777, 4.2276590300630446, 4.2276590300630446, 4.643079041665699, 4.643079041665699, 4.643079041665699, 4.643079041665699, 4.807612448823899, 4.807612448823899, 4.811774659320514, 4.811774659320514, 4.811774659320514, 4.811774659320514, 4.807612448823899, 4.807612448823899, 4.807612448823899, 4.807612448823899, 4.9084139742544615, 6.890835669395898, 6.890835669395898, 6.890835669395898, 6.891239355873861, 7.460099491306242, 7.460099491306242, 8.870121322754574, 8.870121322754574, 10.4185685681039, 10.4185685681039, 10.4185685681039, 10.4185685681039, 10.4185685681039, 10.4185685681039, 14.076989031927692, 14.076989031927692, 14.076989031927692, 14.076989031927692, 14.076989031927692, 14.076989031927692, 14.076989031927692, 14.076989031927692, 14.076989031927692, 16.79770043218238, 14.076989031927692, 14.076989031927692, 14.076989031927692, 14.076989031927692, 14.076989031927692, 17.11395666059157, 17.11395666059157, 17.187549591077758, 17.187549591077758, 17.187549591077758, 17.187549591077758, 17.187549591077758, 17.187549591077758, 19.103710110489633, 19.103710110489633, 19.103710110489633, 19.103710110489633, 19.103710110489633, 19.103710110489633, 19.103710110489633, 19.103710110489633, 19.103710110489633, 19.146257107722338, 19.146257107722338, 19.105086568457672, 19.105086568457672, 19.105086568457672, 19.103710110489633, 19.103710110489633, 19.103710110489633, 19.103710110489633, 21.47645888019157, 21.47645888019157, 21.47645888019157, 19.103710110489633, 19.103710110489633, 19.103710110489633, 19.103710110489633, 19.103710110489633, 19.153586056272683, 19.103710110489633, 19.103710110489633, 19.103710110489633, 19.103710110489633, 19.103710110489633, 19.103710110489633, 19.103710110489633, 19.083953907024476, 19.083953907024476, 19.083953907024476, 19.083953907024476, 19.083953907024476, 19.083953907024476, 19.083953907024476]

Parameters: [psize: 20; mprob: 0.2; crossprob: 0.4; crossrate: 0.2]
iterations=[1, 2, 3, 4, 5, 6, 7, 8, 9, 10, 11, 12, 13, 14, 15, 16, 17, 18, 19, 20, 21, 22, 23, 24, 25, 26, 27, 28, 29, 30, 31, 32, 33, 34, 35, 36, 37, 38, 39, 40, 41, 42, 43, 44, 45, 46, 47, 48, 49, 50, 51, 52, 53, 54, 55, 56, 57, 58, 59, 60, 61, 62, 63, 64, 65, 66, 67, 68, 69, 70, 71, 72, 73, 74, 75, 76, 77, 78, 79, 80, 81, 82, 83, 84, 85, 86, 87, 88, 89, 90, 91, 92, 93, 94, 95, 96, 97, 98, 99, 100]
values=[0.1361689625034629, 0.1361689625034629, 0.575460979022089, 0.6089159983147154, 0.760050205672671, 0.760050205672671, 0.7249393974683626, 0.6100365865163673, 0.6100365865163673, 0.575460979022089, 0.8570366681197737, 0.7502301096792352, 0.7502301096792352, 0.7502301096792352, 8.413785645320505, 8.413785645320505, 8.413785645320505, 8.413785645320505, 8.413785645320505, 12.996676023724238, 13.087737464834953, 12.996676023724238, 12.996676023724238, 12.996676023724238, 12.996676023724238, 12.996676023724238, 12.996676023724238, 12.996676023724238, 12.996676023724238, 12.996676023724238, 12.996676023724238, 12.996676023724238, 12.997611367765899, 12.997611367765899, 12.997611367765899, 13.178112146932937, 13.178112146932937, 13.178112146932937, 13.178112146932937, 13.178112146932937, 13.178112146932937, 13.178112146932937, 13.178112146932937, 15.552772191804097, 13.3075377918953, 13.178112146932937, 13.183997682559761, 13.178112146932937, 13.178112146932937, 13.178112146932937, 13.178112146932937, 13.178112146932937, 14.523418087815797, 13.178112146932937, 13.178112146932937, 12.61049418262322, 11.077907572711036, 12.9248255445995, 12.9248255445995, 12.9248255445995, 12.9248255445995, 13.144946876040313, 13.144946876040313, 13.144946876040313, 13.144946876040313, 13.144946876040313, 13.144946876040313, 12.775772049437698, 12.775772049437698, 12.775772049437698, 11.802224335500641, 11.971055846905431, 15.259578564505397, 15.259578564505397, 15.259578564505397, 15.259578564505397, 15.259578564505397, 15.259578564505397, 15.259578564505397, 15.259578564505397, 15.259578564505397, 15.259578564505397, 15.259578564505397, 15.259578564505397, 15.259578564505397, 15.259578564505397, 15.259578564505397, 17.439588847011777, 15.259578564505397, 15.259578564505397, 15.149763170566859, 15.149763170566859, 15.149763170566859, 15.149763170566859, 15.149763170566859, 15.149763170566859, 15.149763170566859, 15.24750544442908, 15.24750544442908, 15.805706136128403]

Parameters: [psize: 20; mprob: 0.2; crossprob: 0.4; crossrate: 0.2]
iterations=[1, 2, 3, 4, 5, 6, 7, 8, 9, 10, 11, 12, 13, 14, 15, 16, 17, 18, 19, 20, 21, 22, 23, 24, 25, 26, 27, 28, 29, 30, 31, 32, 33, 34, 35, 36, 37, 38, 39, 40, 41, 42, 43, 44, 45, 46, 47, 48, 49, 50, 51, 52, 53, 54, 55, 56, 57, 58, 59, 60, 61, 62, 63, 64, 65, 66, 67, 68, 69, 70, 71, 72, 73, 74, 75, 76, 77, 78, 79, 80, 81, 82, 83, 84, 85, 86, 87, 88, 89, 90, 91, 92, 93, 94, 95, 96, 97, 98, 99, 100]
values=[0.38834118484075336, 0.38834118484075336, 0.38834118484075336, 0.38834118484075336, 0.38834118484075336, 0.38834118484075336, 0.6326015754319833, 0.6326015754319833, 0.6326015754319833, 0.6326015754319833, 0.6326015754319833, 0.6326015754319833, 13.251465729286211, 0.7710679487661971, 14.36519502738859, 15.482931728316634, 15.482931728316634, 27.12404065027757, 27.12404065027757, 27.12404065027757, 27.12404065027757, 27.12404065027757, 27.12404065027757, 8.10612026220144, 16.27753226153013, 16.27753226153013, 16.27753226153013, 27.156632431778963, 27.156632431778963, 27.156632431778963, 27.179247885569918, 27.179247885569918, 27.179247885569918, 27.179247885569918, 27.179247885569918, 27.179247885569918, 27.179247885569918, 27.179247885569918, 27.156632431778963, 26.697302370748385, 26.697302370748385, 26.697302370748385, 26.697302370748385, 26.697302370748385, 26.697302370748385, 26.697302370748385, 26.697302370748385, 26.697302370748385, 26.697302370748385, 26.697302370748385, 26.697302370748385, 26.697302370748385, 26.697302370748385, 26.697302370748385, 26.697302370748385, 26.697302370748385, 26.697302370748385, 26.697302370748385, 26.697302370748385, 25.103630103494417, 25.103630103494417, 25.103630103494417, 25.103630103494417, 25.103630103494417, 25.103630103494417, 25.103630103494417, 25.103630103494417, 25.103630103494417, 25.103630103494417, 25.103630103494417, 20.144959172070887, 20.144959172070887, 20.013266134617034, 20.013266134617034, 25.921268347234108, 25.921268347234108, 25.921268347234108, 25.921268347234108, 25.921268347234108, 25.921268347234108, 26.195418354285362, 25.921268347234108, 25.921268347234108, 25.921268347234108, 25.921268347234108, 25.921268347234108, 25.921268347234108, 25.921268347234108, 25.921268347234108, 25.921268347234108, 25.921268347234108, 25.921268347234108, 25.921268347234108, 25.921268347234108, 25.921268347234108, 25.921268347234108, 25.921268347234108, 26.158840682083017, 26.158840682083017, 26.158840682083017]

Parameters: [psize: 20; mprob: 0.2; crossprob: 0.4; crossrate: 0.2]
iterations=[1, 2, 3, 4, 5, 6, 7, 8, 9, 10, 11, 12, 13, 14, 15, 16, 17, 18, 19, 20, 21, 22, 23, 24, 25, 26, 27, 28, 29, 30, 31, 32, 33, 34, 35, 36, 37, 38, 39, 40, 41, 42, 43, 44, 45, 46, 47, 48, 49, 50, 51, 52, 53, 54, 55, 56, 57, 58, 59, 60, 61, 62, 63, 64, 65, 66, 67, 68, 69, 70, 71, 72, 73, 74, 75, 76, 77, 78, 79, 80, 81, 82, 83, 84, 85, 86, 87, 88, 89, 90, 91, 92, 93, 94, 95, 96, 97, 98, 99, 100]
values=[0.1887181971660606, 0.41900270690876534, 0.5908565568448987, 0.6555018879803282, 1.8756982614387, 1.8756982614387, 1.9139045905362542, 1.9139045905362542, 2.1647304044313453, 4.0437684692818445, 5.434079083459595, 7.192849666107873, 7.192849666107873, 7.192849666107873, 7.192849666107873, 8.179604586433607, 12.487694710833276, 12.487694710833276, 12.487694710833276, 12.487694710833276, 12.487694710833276, 12.487694710833276, 24.396592345229966, 24.396592345229966, 24.396592345229966, 24.396592345229966, 24.396592345229966, 24.396592345229966, 24.396592345229966, 24.396592345229966, 24.396592345229966, 24.396592345229966, 25.206928366772676, 25.210817661721794, 25.210817661721794, 25.210817661721794, 25.210817661721794, 25.210817661721794, 26.77215081351584, 26.77215081351584, 26.77215081351584, 27.54741946081285, 27.54741946081285, 27.54741946081285, 27.54741946081285, 27.54741946081285, 27.54741946081285, 27.54741946081285, 27.54741946081285, 27.54741946081285, 27.54741946081285, 27.54741946081285, 27.54741946081285, 27.54741946081285, 27.54741946081285, 27.54741946081285, 28.702484467192214, 28.702484467192214, 27.54741946081285, 27.54741946081285, 27.54741946081285, 27.54741946081285, 27.54741946081285, 27.54741946081285, 27.54741946081285, 27.54741946081285, 27.54741946081285, 27.54741946081285, 27.54741946081285, 27.54741946081285, 27.54741946081285, 27.54741946081285, 27.54741946081285, 27.54741946081285, 27.54741946081285, 27.54741946081285, 27.54741946081285, 27.54741946081285, 27.54741946081285, 27.54741946081285, 27.54741946081285, 27.54741946081285, 28.03030671252482, 27.54741946081285, 27.54741946081285, 27.54741946081285, 27.54741946081285, 27.54741946081285, 27.54741946081285, 27.54741946081285, 27.54741946081285, 27.039689088294388, 27.039689088294388, 27.039689088294388, 27.039689088294388, 27.039689088294388, 29.33590971603739, 29.33590971603739, 29.33590971603739, 27.039689088294388]

Parameters: [psize: 1; mprob: 0.2; crossprob: 0.4; crossrate: 0.2]
iterations=[1, 2, 3, 4, 5, 6, 7, 8, 9, 10, 11, 12, 13, 14, 15, 16, 17, 18, 19, 20, 21, 22, 23, 24, 25, 26, 27, 28, 29, 30, 31, 32, 33, 34, 35, 36, 37, 38, 39, 40, 41, 42, 43, 44, 45, 46, 47, 48, 49, 50, 51, 52, 53, 54, 55, 56, 57, 58, 59, 60, 61, 62, 63, 64, 65, 66, 67, 68, 69, 70, 71, 72, 73, 74, 75, 76, 77, 78, 79, 80, 81, 82, 83, 84, 85, 86, 87, 88, 89, 90, 91, 92, 93, 94, 95, 96, 97, 98, 99, 100]
values=[0.014476108125199508, 0.014476108125199508, 0.014476108125199508, 0.08075120417988876, 0.08075120417988876, 0.08075120417988876, 0.08075120417988876, 0.08075120417988876, 0.08075120417988876, 0.08075120417988876, 0.08075120417988876, 0.08075120417988876, 0.08075120417988876, 0.08075120417988876, 0.03372037339329142, 0.03372037339329142, 0.03372037339329142, 0.03372037339329142, 0.03372037339329142, 0.1879255727436584, 0.1879255727436584, 0.1879255727436584, 0.1879255727436584, 0.4662784774558317, 0.4662784774558317, 0.4662784774558317, 0.4662784774558317, 0.4662784774558317, 0.4662784774558317, 0.4662784774558317, 0.4662784774558317, 1.6797925203767672, 1.6797925203767672, 1.6797925203767672, 1.6797925203767672, 1.6797925203767672, 1.6797925203767672, 1.6797925203767672, 1.6797925203767672, 1.6797925203767672, 1.6797925203767672, 0.11932351485271726, 0.11932351485271726, 0.11932351485271726, 0.11932351485271726, 0.11932351485271726, 0.11932351485271726, 0.10397454038226822, 0.10397454038226822, 0.10397454038226822, 0.10397454038226822, 0.10397454038226822, 0.10397454038226822, 0.10397454038226822, 0.10397454038226822, 0.10397454038226822, 0.10397454038226822, 0.10397454038226822, 0.10397454038226822, 0.10397454038226822, 0.10397454038226822, 0.03218107878681391, 0.03218107878681391, 0.03218107878681391, 0.03218107878681391, 0.03218107878681391, 0.03218107878681391, 0.03218107878681391, 0.03218107878681391, 0.03218107878681391, 0.07768651239433778, 0.07768651239433778, 0.07768651239433778, 0.07768651239433778, 0.13052000376877693, 0.13052000376877693, 0.030266515005553364, 0.030266515005553364, 0.030266515005553364, 0.030266515005553364, 0.08947165997832005, 0.08947165997832005, 0.03187688108229043, 0.03187688108229043, 0.03187688108229043, 0.03187688108229043, 0.03187688108229043, 0.03187688108229043, 0.03187688108229043, 0.03187688108229043, 0.03187688108229043, 0.03187688108229043, 0.03187688108229043, 0.03187688108229043, 0.030265320282244504, 0.030265320282244504, 0.030265320282244504, 0.0383358366282184, 0.0383358366282184, 0.0383358366282184]

Parameters: [psize: 1; mprob: 0.2; crossprob: 0.4; crossrate: 0.2]
iterations=[1, 2, 3, 4, 5, 6, 7, 8, 9, 10, 11, 12, 13, 14, 15, 16, 17, 18, 19, 20, 21, 22, 23, 24, 25, 26, 27, 28, 29, 30, 31, 32, 33, 34, 35, 36, 37, 38, 39, 40, 41, 42, 43, 44, 45, 46, 47, 48, 49, 50, 51, 52, 53, 54, 55, 56, 57, 58, 59, 60, 61, 62, 63, 64, 65, 66, 67, 68, 69, 70, 71, 72, 73, 74, 75, 76, 77, 78, 79, 80, 81, 82, 83, 84, 85, 86, 87, 88, 89, 90, 91, 92, 93, 94, 95, 96, 97, 98, 99, 100]
values=[0.11280751492874982, 0.017049137977034935, 0.017049137977034935, 0.017049137977034935, 0.07084345219373586, 0.027871083952425057, 0.027871083952425057, 0.027871083952425057, 0.027871083952425057, 0.027871083952425057, 0.06399448943801275, 0.06399448943801275, 0.06399448943801275, 0.06399448943801275, 0.354714297244621, 0.354714297244621, 0.354714297244621, 0.354714297244621, 0.354714297244621, 0.354714297244621, 0.026999465273976838, 0.026999465273976838, 0.414205207244907, 0.414205207244907, 0.414205207244907, 0.414205207244907, 0.414205207244907, 0.3527019987118859, 0.3527019987118859, 0.3527019987118859, 0.3527019987118859, 0.3527019987118859, 0.3527019987118859, 0.3527019987118859, 0.3527019987118859, 0.3527019987118859, 0.3527019987118859, 0.3527019987118859, 0.3527019987118859, 0.3527019987118859, 0.3527019987118859, 0.3527019987118859, 0.3527019987118859, 0.3527019987118859, 0.3527019987118859, 0.3527019987118859, 0.3527019987118859, 0.0457210160958859, 0.0457210160958859, 0.0457210160958859, 0.0457210160958859, 0.7084391729950011, 0.1860589137682476, 0.1860589137682476, 0.1860589137682476, 0.1860589137682476, 0.1860589137682476, 0.1860589137682476, 0.1860589137682476, 0.1860589137682476, 0.1860589137682476, 0.03211463568790787, 0.03211463568790787, 0.05911037380226108, 0.05911037380226108, 0.05911037380226108, 0.05911037380226108, 0.05911037380226108, 0.05911037380226108, 0.6830364803680852, 0.6830364803680852, 0.6830364803680852, 0.6830364803680852, 0.6830364803680852, 0.6830364803680852, 0.6830364803680852, 0.6830364803680852, 0.7661234198160829, 0.7661234198160829, 0.7661234198160829, 0.7661234198160829, 0.7661234198160829, 0.7661234198160829, 0.7661234198160829, 0.6472051059930332, 0.6472051059930332, 3.9113776859471496, 3.9113776859471496, 3.9113776859471496, 3.9113776859471496, 3.9113776859471496, 3.9113776859471496, 3.9113776859471496, 3.9113776859471496, 0.46699652764591476, 0.46699652764591476, 0.46699652764591476, 0.46699652764591476, 0.46699652764591476, 0.46699652764591476]

Parameters: [psize: 20; mprob: 0.2; crossprob: 0.4; crossrate: 0.2]
iterations=[1, 2, 3, 4, 5, 6, 7, 8, 9, 10, 11, 12, 13, 14, 15, 16, 17, 18, 19, 20, 21, 22, 23, 24, 25, 26, 27, 28, 29, 30, 31, 32, 33, 34, 35, 36, 37, 38, 39, 40, 41, 42, 43, 44, 45, 46, 47, 48, 49, 50, 51, 52, 53, 54, 55, 56, 57, 58, 59, 60, 61, 62, 63, 64, 65, 66, 67, 68, 69, 70, 71, 72, 73, 74, 75, 76, 77, 78, 79, 80, 81, 82, 83, 84, 85, 86, 87, 88, 89, 90, 91, 92, 93, 94, 95, 96, 97, 98, 99, 100]
values=[3.205404123254351, 4.684149899695918, 6.160233494415568, 6.160233494415568, 6.160233494415568, 7.348422064416859, 7.348422064416859, 8.206700222367322, 8.206700222367322, 7.950419746297131, 11.165052495800568, 11.165052495800568, 11.165052495800568, 11.165052495800568, 11.165052495800568, 7.956052177445171, 6.429100160867434, 6.822582536048193, 6.822582536048193, 6.822582536048193, 6.822582536048193, 6.822582536048193, 6.822582536048193, 6.822582536048193, 6.822582536048193, 6.822582536048193, 11.62617171255438, 11.62617171255438, 11.62617171255438, 11.62617171255438, 11.62617171255438, 11.62617171255438, 11.683558622568208, 11.683558622568208, 13.847093733246567, 13.847093733246567, 13.847093733246567, 14.954057120902766, 18.957421031641285, 18.957421031641285, 14.954057120902766, 14.954057120902766, 14.027194946080305, 14.954057120902766, 14.954057120902766, 14.954057120902766, 14.954057120902766, 15.24469722705638, 15.24469722705638, 15.24469722705638, 14.954057120902766, 16.168624978831158, 16.168624978831158, 16.168624978831158, 14.659062211025757, 13.473217581028774, 13.473217581028774, 12.970393528677382, 13.5614695632086, 13.5614695632086, 13.5614695632086, 14.00478944056414, 14.364799038144248, 14.364799038144248, 14.66433762474246, 14.66433762474246, 14.66433762474246, 14.543287882102303, 14.543287882102303, 14.543287882102303, 14.046382639288572, 14.30817841296953, 14.30817841296953, 14.30817841296953, 14.497850073540286, 14.30817841296953, 14.30817841296953, 14.30817841296953, 14.30817841296953, 14.30817841296953, 14.30817841296953, 14.30817841296953, 14.475097628610957, 14.475097628610957, 14.470785348077891, 14.481112488356777, 14.481112488356777, 14.30817841296953, 14.30817841296953, 15.078688747839719, 15.078688747839719, 15.078688747839719, 16.675301928164913, 15.078688747839719, 15.078688747839719, 15.078688747839719, 15.078688747839719, 15.078688747839719, 15.078688747839719, 18.519215354501714]

Parameters: [psize: 20; mprob: 0.2; crossprob: 0.4; crossrate: 0.2]
iterations=[1, 2, 3, 4, 5, 6, 7, 8, 9, 10, 11, 12, 13, 14, 15, 16, 17, 18, 19, 20, 21, 22, 23, 24, 25, 26, 27, 28, 29, 30, 31, 32, 33, 34, 35, 36, 37, 38, 39, 40, 41, 42, 43, 44, 45, 46, 47, 48, 49, 50, 51, 52, 53, 54, 55, 56, 57, 58, 59, 60, 61, 62, 63, 64, 65, 66, 67, 68, 69, 70, 71, 72, 73, 74, 75, 76, 77, 78, 79, 80, 81, 82, 83, 84, 85, 86, 87, 88, 89, 90, 91, 92, 93, 94, 95, 96, 97, 98, 99, 100]
values=[17.013241320689104, 14.150344281343926, 12.199758822222881, 17.512737276504353, 21.815259653593273, 21.815259653593273, 23.365199521443817, 23.365199521443817, 23.365199521443817, 22.667220520220713, 21.815259653593273, 21.53694033376676, 17.583968659541252, 17.512737276504353, 17.512737276504353, 17.512737276504353, 17.512737276504353, 17.512737276504353, 17.512737276504353, 17.512737276504353, 27.38534365695491, 27.38534365695491, 27.38534365695491, 27.38534365695491, 27.38534365695491, 29.373020461482653, 27.38534365695491, 27.38534365695491, 27.38534365695491, 27.38534365695491, 27.38534365695491, 27.38534365695491, 28.067753402470615, 28.067753402470615, 27.38534365695491, 27.38534365695491, 27.38534365695491, 27.38534365695491, 27.38534365695491, 27.38534365695491, 27.44940539957544, 27.44940539957544, 27.38534365695491, 27.38534365695491, 27.38534365695491, 27.38534365695491, 29.77891952338729, 29.77891952338729, 26.65123202073416, 26.65123202073416, 26.65123202073416, 26.65123202073416, 26.65123202073416, 29.520068475513344, 29.520068475513344, 29.520068475513344, 29.520068475513344, 29.520068475513344, 29.520068475513344, 29.520068475513344, 29.520068475513344, 29.520068475513344, 29.520068475513344, 29.520068475513344, 29.520068475513344, 29.520068475513344, 29.520068475513344, 29.520068475513344, 29.520068475513344, 29.78171318920972, 29.78171318920972, 29.78171318920972, 29.78171318920972, 29.78171318920972, 29.78171318920972, 29.78171318920972, 29.78171318920972, 29.78171318920972, 29.78171318920972, 29.78171318920972, 29.78171318920972, 30.738481744913074, 30.738481744913074, 30.738481744913074, 30.738481744913074, 30.738481744913074, 29.1945135412504, 29.518407559507963, 29.1945135412504, 29.518407559507963, 29.518407559507963, 29.518407559507963, 29.518407559507963, 29.518407559507963, 29.518407559507963, 29.518407559507963, 29.585884181565106, 29.518407559507963, 29.518407559507963, 29.518407559507963]

Parameters: [psize: 20; mprob: 0.2; crossprob: 0.4; crossrate: 0.2]
iterations=[1, 2, 3, 4, 5, 6, 7, 8, 9, 10, 11, 12, 13, 14, 15, 16, 17, 18, 19, 20, 21, 22, 23, 24, 25, 26, 27, 28, 29, 30, 31, 32, 33, 34, 35, 36, 37, 38, 39, 40, 41, 42, 43, 44, 45, 46, 47, 48, 49, 50, 51, 52, 53, 54, 55, 56, 57, 58, 59, 60, 61, 62, 63, 64, 65, 66, 67, 68, 69, 70, 71, 72, 73, 74, 75, 76, 77, 78, 79, 80, 81, 82, 83, 84, 85, 86, 87, 88, 89, 90, 91, 92, 93, 94, 95, 96, 97, 98, 99, 100]
values=[0.32111792065694467, 1.3995802600454619, 1.3995802600454619, 1.3995802600454619, 1.5583719268876313, 1.5470352728259427, 1.581099655769517, 1.6627131970680407, 1.6882077956958441, 4.9352644693940535, 4.9352644693940535, 4.9352644693940535, 4.9352644693940535, 4.997660361828807, 4.997660361828807, 5.149687903578253, 5.328783012664463, 5.328783012664463, 5.328783012664463, 5.363470243152376, 5.363470243152376, 5.340753053309585, 5.370930311870041, 5.292727734315613, 5.292727734315613, 5.292727734315613, 5.011917321255662, 5.25817240847936, 5.25817240847936, 5.705837936978583, 5.705837936978583, 5.705837936978583, 5.705837936978583, 6.670374758943393, 6.670374758943393, 6.670374758943393, 6.7610008477476615, 6.7610008477476615, 6.7610008477476615, 6.4606052483252725, 5.659120014602704, 5.659120014602704, 5.659120014602704, 5.4269676034591905, 6.627840286429281, 6.627840286429281, 5.805221278289168, 5.846983260578852, 5.805221278289168, 5.805221278289168, 5.805221278289168, 6.234979064474209, 6.234979064474209, 5.824799340875026, 5.824799340875026, 5.824799340875026, 5.805221278289168, 5.680439555567076, 6.097707632296945, 6.097707632296945, 6.097707632296945, 6.097707632296945, 5.934167183715859, 5.934167183715859, 5.666354705233009, 6.011935065985958, 6.011935065985958, 5.821212126132135, 5.829424790311059, 14.835971714852697, 14.835971714852697, 14.835971714852697, 14.835971714852697, 16.742996674618585, 16.742996674618585, 16.742996674618585, 15.253132955180323, 15.253132955180323, 15.253132955180323, 15.253132955180323, 15.253132955180323, 15.253132955180323, 15.253132955180323, 15.253132955180323, 15.253132955180323, 15.490275220812931, 15.490275220812931, 19.843910413666407, 19.843910413666407, 19.843910413666407, 19.843910413666407, 19.843910413666407, 19.843910413666407, 19.843910413666407, 18.74271662210114, 18.658891069678532, 18.658891069678532, 18.658891069678532, 18.658891069678532, 19.843910413666407]
